0 0 1 1 1 0 0
0 1 0 0 0 1 0
1 0 0 0 1 0 1
1 0 1 0 1 0 1
1 0 0 1 0 0 1
0 1 0 0 0 1 1
0 0 1 1 1 0 0
49 5 3
-0.21901716595499743 -0.45015568219529656 0.6036812492239652 -0.12483479467103037 0.23210619691879933
0.046976667910615465 -0.43719761484951003 -0.32596850712720726 -0.29829159540911976 0.0778855202324021
0.4715976043122857 -0.3899743937611006 0.2438518453805172 0.330627100097415 0.8016031858949046
-0.6320208451763373 0.23226968635486978 0.37759316970973267 -0.050924660695790935 -0.6883540207851293
0.29504819160083295 -0.1620760800289339 -0.5588579189689911 0.2493376011924996 0.2993430019811756
-0.02374155301173919 -0.051342297214149034 -0.24830228153498718 0.4980809307598094 -0.5639873721247255
-0.23093597939638316 -0.7700583934854582 -0.8779757181761597 -1.0168057440523206 -0.06171308924610995
0.3971578434197387 0.006544105536656652 -0.3530510486004515 -0.26442314260520583 -0.8092831334470554
0.6428208152072246 -0.12348420525551873 0.33640432441109713 0.471691328248085 0.5701008850433196
0.7110642080950125 0.971127723845512 -0.33097796135944146 0.4985655909316472 0.046782949185295894
-0.06942515880492928 0.7209890326582084 0.17346696435330164 -0.6416632034158404 0.5827220986343398
0.4502343452669883 0.2669424512376465 0.03208958245730931 0.15202625501127007 -0.7153906860159239
0.2998389440143754 -0.16943777662757314 0.13075600493339481 0.22788024911372495 -0.5372918617246766
0.18942926703153543 -0.4640247201190063 -0.06664213733665547 -0.06493466824860827 -0.06401365927187729
-0.6335687038137467 -0.5532582158851934 0.9130949184138369 0.13416628752659998 0.22809018511118073
-0.008874391465157339 0.7859645204331888 -0.5438490007776385 -0.8415346534667117 0.2019671857737935
0.13380711401358855 -0.3187438293378255 -0.7531590398453117 0.596349007604787 -0.588398124778201
-0.4814747543509522 0.1159276387660534 0.9808379449835195 0.16778593310807352 0.3446142389926482
0.1355093913728915 -0.08092670278732905 0.15736399424002434 0.48513714677049324 -0.5722190515949072
-0.14009776431943077 -0.5763497812197843 0.2467855648403241 -0.29516550660110374 -0.6723140314430139
-0.018748320318954792 -0.4258093563046757 -0.4111871736612599 0.129068486263165 -1.1817977362132381
0.056577606817761805 0.3536797981785733 -0.47493282586489993 -0.8891564995462773 0.70481544554258
-0.13776097525767084 0.4883238989603319 -0.5260769439204824 -0.14627387167045647 -0.6269787355786398
0.07898980202147197 -0.3914236375419211 0.4173445424521989 -0.10010501692215923 0.6297681509399365
-0.16051229867939737 0.7150721121258035 -0.4160860380527686 -0.17985967249951396 0.20975920647488333
-0.07725279540736518 -0.3601773919060693 0.2504465335801054 0.33404150460202237 -0.07095278640883756
0.35768303651350675 0.15628717343667106 0.31428578369629395 0.45463038669120814 0.6500870051688123
0.34508121688701954 -0.35139475311027246 -0.47411465890818066 -0.47012123598348904 -0.9051197242265476
-0.6814585685274959 0.07149932655260216 -0.37917553570375584 0.26725167147269746 0.006047982579574844
-0.06682339262389059 -0.7968019321122206 -0.17979485071864454 -0.30268186850126455 -0.2016864013663849
-0.49392943546601975 0.05393870516999916 -0.4221286085403812 -0.26253701306919086 -0.32106631460813057
0.47710707543572645 -0.27711058417999157 0.21593107176353266 -0.31670821575848157 0.6679549118309063
0.24203665640657568 0.4021042253829778 -0.4082934291112778 -0.1156669186698065 0.054039617627895026
0.7934910081758866 -0.04191567220500214 0.43747424692022474 0.3501960370766338 0.6385931485665598
-0.3208451156519028 0.15483927729749702 -0.3394037165930723 -0.14007075080262954 -0.11767707943748995
0.10067626730719803 0.11267214624839013 0.17958133993603753 0.12311062786049644 0.0318396948449165
-0.06603472014730115 0.5117020036023011 0.16903428402941584 0.35950098127208474 0.03808553714944922
0.08554317966053704 0.05712937509613913 0.08498522676784241 -0.020423933741397334 -0.2027576045876543
-0.3435724592411646 -0.4791002462573195 0.36972969445994375 0.3498661710876494 -0.5978496846593151
-0.18728239423477602 -0.7668281564750643 0.45727427572518087 -0.08132990247713345 -0.13483818934216163
0.4355955866323191 0.5674215564180205 0.2698551179022432 0.11594033427659202 -0.07062652378184463
0.6332086369414701 0.1987782081499221 0.10177105789556651 0.1562027790704509 -0.1701327592961923
-0.4234579837993442 -0.5006737311336267 -0.3356152883759104 -0.10734333583895306 -0.2592367749905231
0.5959395192188546 -0.3661529174579651 -0.2938260855027791 0.2830235569131042 -0.17860769192973502
-0.6701760578746347 -0.8746504493503701 0.12176550003578177 0.32107536916179347 -0.05482972081995674
-0.49339731504449635 0.853708484610788 -0.9020430909858278 -0.7614690140735842 0.17290619211432512
-0.18094603568404413 -0.10533287947499005 -0.533515253841901 0.6203901839192316 -0.07504371986629021
0.2018084049587905 -0.1286027529677514 0.640379749319638 0.023234618538088593 0.07247132033350798
0.2704391411856199 0.39296703463077753 -0.4402897425827257 -0.1933763151345823 0.09065945792875454
-0.5709717266968448 -0.14022273029620677 -0.2844692437366194 -0.4551218619989996 -0.24135085201609233
0.36890734811790626 -0.20614700532353292 0.08689934681608687 0.3116580749478779 -0.6920823813797601
-0.18760916321479465 -0.025315306240091262 0.2057702086263723 -0.16400819138090164 0.4281585900637592
-0.19198650343982115 0.777653890784108 -0.646796162290346 0.3661391956088683 -0.05381887316612708
0.7565231385476786 -0.3091790345653975 0.41595950563877704 0.22896695751310658 0.5958781021961662
-0.06942668496147453 0.11356719401313038 -0.34413480818702796 -0.010463340070375415 0.14433417779810354
0.26294402577839715 0.1924546577468405 -0.26122849661295894 0.07896592313118257 -0.08927771222226877
0.14249187195702248 0.41212681192571454 0.4711297982586966 0.1467464973075556 0.2053290003273024
-0.27324952875921416 -0.6596266839360936 0.3746513440549017 0.26265546862154804 0.10425087630420625
-0.7308239316296588 0.3251578476215863 -0.07558242535010795 -0.4655483035081047 0.13654428853848155
-0.627449607677353 -0.6619429006040689 0.10009922782280622 0.08240054363068394 -0.31446893062636516
0.15602218730568118 -0.06715249223697549 -0.6984745442196866 0.033495463645357194 -0.05774867886372698
0.37751361266343386 0.3455298364206486 -0.2103522367333136 -0.2445070647557054 0.03705013845286755
-0.4446509109331872 0.9580325964374515 -0.5287420252477883 -0.07831883219830227 -0.5460137261858302
0.14440227188503676 -0.4946433909334482 0.29746720771678414 -0.016945148532273024 -0.008447403361911177
-0.03324382011407665 -0.07537488938237429 -0.42216747967888923 0.025852892416137863 -0.12171707570882218
0.25761919362984453 0.0930652695849925 -0.06945565509959946 0.08093049992314848 0.2992790668804975
0.622169910457041 0.686504906637213 0.4329579647190746 -0.021629037035018412 0.12179763981088722
0.09451840585648907 -0.25704707996004783 -0.34408537241357795 0.2738608061614335 0.017396172871921762
-0.6502043326705718 -0.07439294466724478 0.26574774087761177 -0.37985894069725556 -0.1168451437197949
-0.5157733129168588 -0.405445229494051 -0.2711005065772074 0.0775350685350823 0.03578748928505621
-0.08846546767195917 0.11211804650386865 0.014976584125893417 0.10654661690291621 -0.5989272483162597
0.18870582030610966 -0.44161821772564824 0.4788504304646285 -0.5180085569145987 -0.09117184256615038
-0.43740889222844626 0.41122192612989195 0.006804413226563375 0.464011874301514 -0.051469506723464925
0.7421210294044329 -0.2913381577905576 0.165860002262173 -0.44256889058792903 0.6836678755477351
-0.21771915494598615 0.2803108045644141 0.7503373599854136 -0.403371886243991 0.28089395782285587
0.3571483060986512 0.41311831987498404 -0.5927349532233092 0.20227689623400552 0.321539864077857
1.495458859696172E-4 0.23858734004084955 0.3718692609305561 0.38569906376736757 -0.3174250473628538
0.39537038436075034 0.02484157150333472 0.1684204392696565 0.17683525493048063 0.5817974725636411
-0.4538439159157145 0.3497102663072118 0.21293159258214678 -0.2995328826047782 -0.4581748469830157
-0.561734370917985 -0.5342158880170176 0.4062482650064615 0.2361612059103102 0.18986114236827445
-0.2720446866275559 0.16625616105054725 0.2811019951256132 -0.3150555387113147 -0.37727622189517973
-0.07258208705131713 0.3348170046376999 0.47294093960012507 0.580725238418308 -0.17376699199512208
-0.12625630399659904 -0.19019899524053732 -0.045675307972745695 0.01576957838601234 0.25184923152900107
0.5608652701685855 -0.34743453030301263 0.2808406630324126 0.24843562080852977 0.046155271900816766
0.06518341852762517 -0.6499982639124285 0.5095209257617249 -0.16368297709487123 -0.19955471833401517
0.24519888530251188 0.22420403404739572 -0.6177837544104582 -0.7376518528113656 0.5501870152952828
-0.49560959005124133 -0.43510516460295073 -0.3958409131137431 -0.12829422650508662 -0.6185203580003444
0.12368985710936942 0.2000766483733149 0.15824721345557546 0.02250064527978857 0.34457739113598534
-0.039421535476516674 0.0865198146121513 -0.35423973100384953 -0.16691024193895743 -0.17323196118792303
-0.3718907462004611 0.2612750926811286 -0.27439619637573043 -0.03854995494606506 0.26130337738955106
-0.11124262404271712 0.48580059842802686 -0.2566332210938233 -0.0530090210082973 -0.04862937479538621
0.6485001267322076 0.054413132875709036 0.38263486621768816 -0.36636419586744506 0.13675961053921698
0.4525806725141347 0.4430789087130277 -0.39433291588943453 0.4185314650424209 0.0061107699410355275
0.7705212401907807 0.016917379061470506 0.07794503510006257 -0.22459976028748052 0.2977836388590829
-0.8069689865729839 -0.031316910870172736 0.4647966937695169 0.308762764973344 -0.4090431716536449
0.36421608247960924 -0.11881844316379907 -0.3049199566732555 0.03504879100701443 0.8632713167238494
-0.07604331216299036 0.47128041918539393 0.017513425991027606 0.5992163925979951 -0.5475291176382926
0.21809181559998558 0.38522510354937867 -0.12974526934781375 0.227410370699934 0.15980481447596315
-0.3607110812009954 -0.3301200143568762 0.20938686346761115 0.43428250239058197 -0.6629928853238138
-0.09609343547217389 -0.5686695866521254 0.3283229148143034 -0.05713036942464422 0.42460871841579423
4.021354243724314 -2.8454536901278678 -2.345686225849327 -0.4031145051282973 -0.4650788003329146
-0.45984133300863594 -0.3334924260532637 -0.36982608966438313 0.01908827868043317 -0.4936519449011251
0.11445874587411717 -2.6137891608589796 4.445162323487956 -3.044141020150547 -0.056991762810967295
0.47406998441395076 0.0023299643247235435 -0.03783706343720028 0.2645841387613054 0.35014392770253644
0.2040087306758681 -1.6303592886487566 -2.672363696724581 -2.9326434194311255 4.348329866327892
0.2026944226828703 -0.12548268051872136 0.3696349681082064 0.40944878820238184 0.3755799927061273
-0.048385182500141455 0.17904163856210642 -1.786402038127681
