0 1 1 1 1 1 0
0 1 0 0 0 1 0
0 1 0 0 0 1 0
0 1 0 0 0 1 0
0 1 0 0 0 1 0
0 1 0 0 0 1 0
0 1 1 1 1 1 0
49 5 3
-0.350447090784352 -0.031150696136446627 1.2403897449542614 0.08735699758789688 0.4538041897887107
-0.0470287436976795 0.09655897552621606 -0.3902864349120392 0.6643690639481404 -0.8014048471681177
0.28815187782095697 -0.45838807285274924 1.2524868897223675 -0.41047755028636945 0.02249507707014906
-0.9036700170699458 -0.24703437539022066 0.1261537291385778 -0.2655790730399995 -0.5497830822185295
0.1729056184424563 -0.23954425426993767 -0.009146666412187646 0.015101673165857199 0.21037995142742616
-0.25745445460446814 0.11252346064143241 0.13705885366956258 -0.22017089113620766 -0.009277073282505327
-1.101902129844613 -0.40257018788515964 -0.4572155740664922 -0.4685411565857684 -0.5563044283913774
-0.392659654475112 1.1424496854828474 0.537706544282159 0.7874948285662464 0.35347753690948713
0.36994205695949695 0.4812137536445875 0.07008497285361193 -0.37983884804634904 0.6467509006005824
0.2717795663227001 0.09876232155192974 0.35060802078717246 0.35753909700279096 0.28550212233754113
-0.10826704468619608 0.6317951470431851 -0.4097187577233571 -0.43411242928956806 0.2589377502131019
1.014975862530595 0.10651377009985441 0.3201541825364641 -0.26917885196880253 0.12762485422628628
-0.27504815078147216 0.40988812681509335 -0.41735581630748264 -0.0012180939433547033 -0.1733369989098693
0.2536524066825343 -0.3945658362527663 -0.41404980821678317 0.4418864424918363 0.7517853316678705
-0.4227536770692657 -0.7934657291508291 0.8483825185806776 0.34186953017960764 0.07577338702012415
-0.11591853050822232 0.30032256439483407 -0.39578029077902777 -0.5757236783036548 0.788107769733532
-0.055862379588497046 -0.11170266624915379 -0.3542501266869905 0.3601445570182332 -0.7557484212640005
0.13055571625782592 -0.32851623122392704 0.3438274128611007 0.7856567848797157 0.7129064195557152
0.24004874861080047 -0.47471859998400123 0.38274992991052925 0.1166856093998363 -0.4780511516283952
-0.6384392174264856 -1.0111941397603754 0.04026142867499338 -0.47654931542527645 0.3401119869909147
-0.27196218570081365 -0.406935205188978 -0.415714602333137 0.01765943466971312 -0.07535703061011162
-0.7799358050967999 0.4334839386765571 -0.056491403317173394 -0.5629259424051903 0.2337655215126668
-0.3444886063849678 0.11885723047549197 -0.32514245779294726 -0.3850629570189946 0.2610905509969043
0.3618376614430642 -0.03575877036773678 0.09829191039320118 -0.12466699492501432 -0.40242091176978645
0.09130374035728335 0.3925977382587161 -0.7021907852600765 0.3084868023022237 0.13639765413659422
-0.14984910112579475 -0.6321149995763459 0.7526591143852911 0.6336156031821768 0.02955032589734196
0.5379798640297019 0.09040535927001594 0.9029147979237484 0.3628340124955006 1.1823941712886996
0.407498272002075 -0.3036463040561656 -0.2240817320771222 -0.6560386228047694 -0.8024741553565079
-0.7656667940036302 -0.45479894866065196 0.19895358790693596 -0.06299055121987229 -0.24259944680424694
0.0978277721690621 -0.21241882371642068 0.4199970210550731 -0.10851125915039928 -0.21285975764737838
-0.39541796397744977 -0.8547697479007206 0.26339559613671976 0.5350060443234257 0.32089958872324403
-0.8105262737490513 -0.3213503641534641 0.4830672985246457 0.1999358668224464 0.17478911592436955
0.10229645165121193 0.4872489225682304 0.23932735250865395 0.17204083595347663 0.12654780344389632
-0.04909248599829905 -0.07057457997457317 0.30911214500076667 -0.17601451374308008 -0.43461329514955493
0.2224952633082128 0.22357085474957233 -0.025992142034239933 -0.3150786308605641 -0.0626805188734666
0.3031492716680808 -0.45973519285277803 0.6545138037423731 0.5382128595061944 -0.3048680442477347
-0.06860632875252609 0.6677301806474525 0.029279650982926977 -0.26982679681485816 0.19255873261845258
0.44821970607601136 -0.5674952935336945 -0.7196219798922391 -0.8416628518355347 -0.3516834393829738
-0.23555110752101793 0.14192274010166583 -0.23280404808220734 -0.3760525061968091 0.8438123562066719
0.7776153883700399 0.2940839909324713 -0.39806261758866024 0.04967878790877989 0.1021757046743534
0.015129357810170996 -0.0609942250012365 -0.009435956406464037 -0.3797206563816461 -0.13417736744270867
0.20678067249802395 -0.2048688654090035 0.1539490901697106 0.42873889872255744 -0.48646537984354
-0.07947472766171115 -0.4317317410156615 0.337388503925925 0.11148296025334214 0.5651594472948138
-0.30144536996422355 0.21102766904227932 0.40361719637215876 0.16364592066082773 -0.7043212313749126
0.28044887579515093 0.10246573580604747 -0.44422021825782637 -0.028397457787122105 0.10875505094366489
-0.46449029668778563 -0.7328608422524853 0.3401751182178069 0.7569473714980468 -0.172014463258413
0.420714968486423 -0.25274843491236254 -0.5096084988949503 -0.10182036534071992 0.21597130684510063
-0.31114084335289827 -0.3805897528344355 -0.26981275186586656 -0.5463135868565464 -0.3363465489758994
0.21821793306712886 0.2677870580458348 -0.43579475059831696 -0.45718748476259297 0.012377637060560059
0.2752030885676576 -0.09139542073083443 -0.11780202045910737 -0.3020024737505048 0.2174330220172116
5.388419918876574 -6.90979709384024 0.06145105304129034 0.23007419191497236 0.2332081230645029
-2.135157704545731 -0.17298044182074665 4.57830113389453 -4.923827779288901 -0.48396237710277235
0.036529568364886855 -0.6227630570992858 -6.051357449308037 0.4508442858012557 4.4124273755994246
-0.21609704983586275 0.07023167892648441 -0.35722032896922196
