0 0 0 1 0 0 0
0 1 1 0 1 1 0
1 1 0 0 0 1 0
1 0 0 1 0 0 1
1 1 1 1 1 1 1
0 1 0 0 0 1 0
0 0 0 0 0 0 0
49 5 3
0.34356474865555153 -0.25063241904010675 0.6420552866315594 0.09444903620596935 -0.03768308335833617
-0.5018832490406313 -0.1214281148473546 -0.1935909876175944 0.41974147345503937 -0.4421551659114801
-0.290077000163384 -0.8958572969079471 0.09765383831835413 0.09396304611939932 0.6986455898439877
-1.269909004443092 0.008249040101255045 0.24809374686789498 -0.09888112072519795 -1.2863637445645042
0.9615776358143194 0.5797681495358481 -0.6312788185329343 0.15971095499347066 -0.40577467317998694
-0.47596742912222156 0.0570613416971619 0.28937241333022484 0.012031611140274267 -0.8051288303082362
-0.945078246193464 -0.05723945522600056 -0.6557679830802946 -0.4158551839050129 0.29555601365432604
-0.48610883121772364 -0.17912994575064597 0.08576238211761766 0.05344905948704679 -0.3225276437350695
0.30515088290725995 -0.13530163103855342 0.18403218710978142 0.4799711053737943 0.25715632422925816
0.9833021187689652 0.39742576249914213 0.2161885108481597 -0.06907025505617659 -0.6013230215772896
0.2859507267042498 0.3957697732253449 -0.10817379207492231 -0.06663711920326292 0.14479033630736804
0.649519964262029 0.26758651753276663 0.2440862599880157 -0.41128081049753856 -0.27381647536265113
-0.4912270371311498 -0.19033582037787258 0.11964261275720768 -0.3356236246878377 -0.0877076365845427
0.730311525006691 0.3511879941890076 0.3877551673818055 -0.15316948669954933 0.6792586573658691
-0.6593492909727812 -0.6249502963394165 0.6589227884625796 0.22700759144169447 0.469830984082502
0.24972403986111025 0.5317344187886928 -0.01400665494740424 -0.2476603661177943 0.05679535661826722
-0.1507986182343372 0.028180795717547658 0.5176094969123699 0.6445656164904056 -0.7218476192587135
-0.14672335580074636 -0.33599693732326646 0.6878448500135702 0.34031341753070443 0.5153870405453072
-0.508676373652387 -0.3361140890542694 0.41150079711728327 -0.2229826074964889 -0.7407099983151767
-0.7173223160289418 -0.8654528368060185 0.15447379584268017 0.13123577252712038 -0.20924604491758744
0.4740319131728935 0.015517517610801264 -1.2577447204747783 -0.4689446016083078 -0.8434250423818745
-0.1951905961197001 -0.34766293480249133 -0.0792520831994945 -0.3324953064432072 1.217073835001661
-0.3759741799137628 1.1806482816839403 -1.2530999696293297 -0.32780527225895517 -0.1426180833688109
0.2939779772138779 -0.043475631935447345 0.11213996029960827 -0.34607455932060394 0.48154330353338587
-0.27172905377953893 0.35233649396583805 -0.3599175998142793 0.2901566702660009 0.0964513296499766
0.26143058418188214 -0.5438156438751148 0.5037791104234436 -0.04518972171841335 0.8103370537977032
0.6401431579116298 0.5332330188910552 1.1689161801257615 -0.07156251228458566 0.12239364986221794
-0.01689225096683933 -0.405423291505607 -0.38450806716613883 -0.7571018966822745 -0.09035383584225253
-0.5800471309152689 -0.0702200114200443 0.23191340139856076 0.12725230800907117 -0.7341871400564736
-0.8411547602152439 -0.40329963625039994 0.48601250077805236 0.3072967730139031 -0.39329061521919223
-0.3227998554222704 0.46302159148141364 0.3697775934519933 -0.10595992780641887 -0.21024219850966253
0.4705211349718996 -0.45875186953880553 0.15734414477499137 0.2201940071194563 0.10807719894120686
-0.14153512182456285 -0.11581708489075747 0.008033922789854084 -0.3982908959534157 0.1535687968316178
0.2520559017443819 -0.1067924728049604 0.08249841421877213 0.2104363319409578 0.38715251729780337
-0.4144747550026929 -0.792686558908774 0.5366135136501474 -0.4253815058204471 0.4633113194385067
-0.18403253711561463 0.8352872656587718 -0.44106336897493503 -0.31421453091503626 0.0642823926576087
-0.5203356031697708 -0.05560810282110151 -0.24475913793244145 -0.31867634936323536 -0.9527574689536668
-0.02077787502160422 0.3169559603450342 0.07114977970983995 0.18611891457083965 0.2525801867049827
0.48855358310335234 -0.4561016782881917 -0.4725941919671037 -0.42132759306956946 -0.012099873077608816
-0.3255000250330973 -0.45290119153033476 -0.08385273978288132 0.29522399199432403 -0.6367874236670114
-0.3844962155351186 -0.22812262526962201 0.5352745022443944 -0.1038433284030581 0.503460494052648
0.37588338873941096 0.2804040019872377 0.4024775654160504 0.8259636277852196 -0.6300895963480444
-0.23221797563893065 -0.4792062667051653 0.7782058315668854 -0.25672251874309215 0.2623990666359471
-0.16458043934560534 0.2874397054012292 0.37439902290875804 0.34128321739581624 0.08939775090133335
0.39825558894813545 -0.3009327963649366 0.3604442865452324 0.023924514888420956 0.33779078821942843
-0.30445715095688486 -0.2224037403294412 -0.24294762015316299 0.24435066769282232 -0.40014040271870865
-0.493756066201378 -0.8932715366757283 -0.6714481344500879 0.28000388583053504 0.22394251310842003
0.19776407879208568 0.15597438231038513 0.11132223596701103 -0.07453528466531144 0.10888398325236466
0.2691350968502146 -0.22517306254747027 -0.08272463560267873 0.015645052922209968 0.22002275157861814
0.5498983158345312 0.22207087743469187 0.3709825049833514 -0.3499851379598016 -0.20491056092367665
5.041800278199861 -3.440483823583853 -2.80946965866411 0.28912478476745174 0.11058522791664993
-1.0758729245321659 -2.498101927558604 5.392148538967084 -6.650120381736312 0.46749991044107597
-0.15598913689078653 -1.659537127140337 -3.636145413874705 -3.248599393544467 7.034040143918049
0.35839372733292385 -0.4445503896221248 -0.7111955608387682
