0 0 1 1 1 0 0
0 1 0 0 0 1 0
1 0 0 0 1 0 1
1 0 1 0 1 0 1
1 0 0 1 0 0 1
0 1 0 0 0 1 1
0 0 1 1 1 0 0
49 5 3
-0.3589736945757257 0.3450715926925809 0.5794928388790405 -0.23379795809131043 0.4171013564264444
0.009107871726308074 -0.2101635874274207 -0.346559822650751 0.21115682870620459 -0.26596830266312577
-0.16461985921510347 -0.5157857756600366 1.0966631234990736 0.30261493816080176 0.9095568926312019
-0.7674515852745675 -0.1799693129392067 -0.0064257219844932045 -0.1687789250090963 -0.49236373163827946
0.6738659495472284 -0.1533931883687035 0.0621191112480212 -0.013992326711751213 -0.10011203858377271
0.37769464178424683 -0.022414364110116554 0.4125748596757832 0.4899447133941124 -0.49552876366229065
-0.3855599455215728 -0.6658039191220831 -0.9158769592190461 -1.1193260392677253 -0.28071310607024436
0.17070379177765738 0.5959572884363037 -0.3497518803046177 -0.09070566273420344 -0.13998640735709864
0.2975854357830381 -0.46354339969495106 -0.14936578614123142 0.2266895822356606 0.3038936060425812
0.6130808632687149 0.45208725264083266 -0.245039672647149 0.3089156562456534 -0.5682331246143435
-0.13461238375155615 0.07815972440175054 -0.5955248492312958 0.14845221298553898 -0.12496779610121563
0.29592260526029757 0.3334186721535678 0.4757022166394381 0.20346404639603963 0.44061396165378214
0.3123825180541068 0.15215170170095857 -0.22193539222046152 -0.38296822513606654 -0.7177728257628815
0.7980058760471205 -0.1548707318155529 0.038799806298429274 -0.2621319760932561 1.1503940302696714
-0.8303621370476535 -0.36146100964882155 0.8590407320301227 0.1427510092639005 -0.48793887248604895
-0.023860309516434808 0.41296255064522136 -0.47322619636474716 0.1597959413618379 1.2322652486623082
0.09863229836711856 0.636090001745145 0.6661819834644639 0.6054574038552688 -0.39171071390583645
0.21686189510918208 -0.5714143508068127 0.5234416133570203 0.26917820677162513 0.20105771842648523
-0.21483806850178008 -0.10254504746448001 -0.3676230257201132 -0.366560351486255 -0.45039205362841694
-1.0106709722365852 -0.1864668530239493 -0.43199894647783155 0.25409002938036107 0.5309081637882964
-0.36197074112100025 -0.7292969301968429 -0.560077225292273 0.3336711189414682 -0.6476142662569937
-0.6159742832501333 0.17583327415339134 0.014603530592947611 -0.15805798300077537 0.4999649158081931
-0.21944733061020127 0.22594596458576335 -0.2961052574034243 0.23928657932451247 0.31766705277580015
-0.0028046781805331285 -0.12295657259813175 -0.2842625857420802 -0.36282831914144376 -0.4981638223622193
0.1961520224654118 1.240971415108151 -1.067094777964449 -0.33330680782180666 0.45963127868763665
-0.2684529917105174 -0.4384503977343893 0.5125498214756601 1.1882886863427542 -0.16182888171657106
0.21188994533422137 0.3458174428893561 0.7627609525955658 -0.09453800208882343 1.0059740279929748
0.20096439693090073 0.2785585332977663 -0.4603122157564827 -0.4253670280577246 -0.9245027935264309
-0.12200135756980335 0.22641046907393636 0.027624855801300918 -0.3928549141411666 0.5262153942187607
0.32285137671943326 0.547042640769016 0.08450460578623387 -0.21924714971942005 0.4885103086133747
0.008514055693642608 0.08904660964683207 0.6449046324770739 0.12665361482457665 -0.15009050974043914
0.16822295447390825 -0.001586300208069158 0.33540324996180215 0.18502515703432235 -0.6579177011743905
0.08234190629795202 -0.39692814796090686 0.16808738243062107 -0.41660845183392503 0.3702712512519527
-0.008938994307719644 0.1185046164875958 0.4346846287767473 0.2870501513881566 -0.3494093631934621
-0.13095603037056341 -0.01867062732800915 -0.4013883345499016 0.4765882958507609 0.35445173149807785
0.1316321860734475 -0.2689091208294113 -0.3276818603769194 -0.3012324466692951 -0.5901923899535481
-0.24645459159024097 -0.0884375064972016 -0.04627656885683221 -0.5399299944431715 0.13378495317356687
0.17713218174926382 -0.03819520170003568 0.41561702473531853 -0.07803689393674322 -0.35599871941435773
-0.18178845112080758 0.30005142404283525 -0.43752770346604886 0.07270173711303185 0.18496891504013221
-0.12713290851753928 0.28345424878806114 0.045665285823195956 -0.15999476210852848 0.0072874045093902
0.21450255527658546 0.0319029549311502 -0.18377844671089502 -0.11369782921574206 0.3986851767371271
0.9234643744609142 -0.24576153460663142 -0.49170526901339995 0.08037005404846238 0.007750711050534346
-0.18652177522583147 -0.19072684033716508 0.05017242426753271 0.22493019244083023 -0.33663303887879825
-0.058623380269660144 -0.30449174309019444 -0.3804592029776408 -0.08083414970692082 0.3437414793128166
-0.13688016891587126 -0.47142500627898715 0.8101582514883184 -0.08154106289660934 0.20355538357403868
0.2782156571797817 0.33897811940641437 -0.8968155372862998 -0.6775239081465451 0.060651260647846504
-0.5880632924599759 -0.16209740878644885 -0.1093647521852157 0.45256834900324006 -0.8958457769185304
-0.049851791073180496 0.004142642978603775 0.2747534513489831 0.43904348091937545 0.521551316133142
-0.4237838950958861 0.11821496049520652 -0.3672340324560408 0.2196895065212161 -0.5035728990232192
-0.16445537116396267 -0.6158864709700189 -0.17000600677987543 0.3694999159979627 0.18202369456030984
4.3024612125494786 -4.885566674659297 -0.019231699771078074 0.46725514998235607 -0.23764997814655853
-0.5542771477105176 0.2721859468355499 4.9297669427380235 -7.032723554356313 0.4305511588143913
0.3032423197432059 -1.588163636842959 -7.516476581225874 0.013667117274758679 5.767305002955039
0.36407902143922144 0.10075984272809002 -2.1093132256602343
